32
62
48
18
64
20
92
50
10
78
36
38
52
14
40
108
80
94
110
112
114
54
96
70
116
56
28
118
72
30
120
58
100
86
60
102
104
152
122
76
212
90
124
126
228
140
244
216
230
156
142
128
130
248
232
160
144
146
220
236
134
252
166
224
254
240
256
288
198
172
182
290
258
174
184
304
292
200
294
280
260
282
180
188
284
286
312
192
204
206
208
210
268
270
320
322
326
332
334
362
364
408
394
424
348
366
410
396
368
412
384
370
400
414
432
402
440
416
418
390
420
376
448
354
344
360
512
472
542
516
488
478
602
480
572
496
518
520
530
574
606
588
664
504
634
576
560
608
652
610
578
666
526
580
624
668
670
654
508
534
564
626
584
536
510
594
538
640
674
540
658
630
568
642
598
570
644
694
646
708
696
724
738
688
710
698
726
768
740
782
742
728
730
732
752
786
720
736
780
754
788
792
794
454
456
460
464
816
818
820
800
824
804
828
826
1022
962
992
1052
950
1128
1024
1008
954
1068
1054
956
978
1026
958
994
974
1142
1038
1082
960
976
1070
1084
1072
1144
1010
1040
1076
1030
1146
1102
1118
1136
1014
1078
1032
1148
1060
1138
1080
1150
1062
1016
1046
1140
1120
1034
1152
1018
1020
1036
1156
1126
1158
1160
1188
1204
1220
902
1176
1248
1190
1206
1162
1178
1222
1166
918
1196
1182
1168
1252
1212
1198
1170
1186
906
1216
920
864
908
866
1278
922
1262
1260
912
1280
928
914
874
934
1284
1286
1288
938
1290
1268
806
1270
942
880
842
882
944
1292
1338
1340
1328
1370
1330
1472
1458
1332
1348
1460
1518
1474
1388
1336
1416
1504
1448
1376
1430
1418
1506
1406
1390
1476
1450
1392
1420
1452
1508
1422
1464
1454
1478
1510
1396
1466
1480
1410
1366
1456
1482
1498
1484
1440
1308
1562
1486
1310
1578
1608
1622
1564
1652
1536
1610
1566
1682
1638
1538
1584
1668
1612
1670
1614
1600
1616
1588
1602
1618
1590
1572
1656
1640
1672
1560
1620
1684
1576
1686
1642
1674
1630
1712
1658
1728
1788
1802
1772
1790
1730
1818
1804
1732
1758
1734
1878
1908
1806
1792
1836
1866
1760
1794
1868
1778
1748
1796
1762
1912
1882
1838
1810
1870
1854
1824
1898
1764
1914
1856
1782
1840
1798
1812
1916
1828
1842
1858
1884
1766
1830
1814
1900
1784
1876
1800
1920
1902
1816
1844
1888
1786
1922
1846
1924
1952
1984
1926
1986
1676
2002
1688
1956
1660
1988
1958
1690
1678
1990
1632
1948
2042
2072
1634
2028
2058
2044
2074
2030
2046
2104
2060
2120
2032
2090
2076
2048
2062
2164
2034
2136
2122
2106
2036
2078
2092
2052
2108
2064
2038
2054
2040
2194
2138
2066
2252
2254
2168
2124
2240
2256
2098
2080
2140
2142
2152
2262
2170
2114
2068
2130
2312
2144
2284
2156
2300
2286
2316
2302
2288
2204
2342
2304
2270
2292
2332
2372
2296
2160
2236
2432
2320
2272
2334
2374
2324
2392
2336
2440
2352
2326
2408
2444
2496
2276
2376
2356
2538
2524
2412
2526
2540
2340
2486
2364
2280
2542
2396
2424
2546
2380
2582
2504
2398
2568
2536
2550
2598
2612
2628
830
2642
2630
1692
832
1648
1314
2014
1650
2016
848
1316
836
2672
2018
1318
1696
2020
838
896
2674
2660
2646
850
2676
2022
2662
2732
840
2678
2734
2664
2666
2680
2026
2682
2792
2696
2778
2794
2698
2780
2740
2752
2822
2798
2656
2784
2882
2898
2812
2900
2776
2870
2802
2840
2830
2842
2912
2860
2902
2942
2814
2904
2914
2928
2844
2944
2916
2862
2930
2958
2946
2832
2820
2878
2866
2948
2834
2906
2960
2918
2846
2836
2880
2894
2972
2932
2920
2950
2962
2952
2934
2896
2922
2908
2964
2974
2910
2954
2994
2968
2956
2978
2996
2970
1294
2998
2982
1636
1304
1680
1950
1662
1306
1994
1664
1666
2470
1698
2632
2584
2586
2430
2588
2590
1700
1702
2634
2636
2594
2638
1710
2570
2518
2556
2558
2560
2572
2574
2576
2578
2580
2520
2614
2616
2618
2606
2608
2620
2622
2626
