47
5
63
7
19
35
51
65
15
67
43
115
27
45
71
83
29
99
73
31
59
87
61
103
105
91
227
127
141
129
143
167
145
161
147
163
135
239
255
287
197
289
183
303
259
305
177
185
201
297
181
285
299
301
313
205
263
207
195
315
265
209
317
267
269
271
321
323
327
329
333
363
377
365
393
335
347
409
425
349
397
437
369
413
371
415
403
441
433
419
391
421
451
337
355
467
469
513
497
471
527
515
487
517
489
475
477
479
481
647
573
603
519
575
523
559
531
589
505
635
665
579
611
653
551
669
581
507
591
563
509
655
535
583
639
593
511
595
585
539
657
541
631
599
643
659
683
569
685
571
645
695
737
709
725
739
711
769
741
727
743
729
783
715
703
705
749
733
753
781
755
789
759
795
453
457
459
461
815
817
819
821
801
825
805
1007
1023
963
949
1037
1127
951
1097
1053
1009
1069
957
979
993
995
975
1039
961
1071
997
1143
1085
1131
1027
1011
1029
1001
1057
1135
1013
1031
1015
1061
1045
1033
1151
1017
1019
1049
1065
1021
1187
1235
903
1163
1167
905
919
1243
1199
1171
1215
907
865
921
909
1259
867
923
1279
1263
927
933
929
915
1285
935
1287
1289
939
1291
1269
879
941
1271
889
881
1273
1275
883
1293
1337
1323
1367
1339
1397
1341
1307
1457
1399
1487
1331
1459
1401
1489
1473
1333
1349
1415
1461
1491
1447
1389
1475
1417
1519
1505
1449
1431
1507
1407
1433
1451
1477
1421
1521
1453
1509
1465
1423
1455
1479
1435
1481
1411
1497
1467
1439
1499
1485
1441
1529
1309
1577
1471
1311
1593
1609
1595
1565
1653
1667
1637
1537
1611
1583
1553
1539
1639
1585
1613
1615
1569
1625
1587
1601
1617
1589
1571
1545
1603
1591
1573
1673
1575
1685
1641
1687
1643
1787
1789
1817
1803
1731
1847
1833
1805
1791
1877
1775
1849
1879
1835
1807
1739
1909
1793
1837
1795
1869
1809
1779
1763
1839
1811
1883
1871
1855
1825
1857
1873
1765
1915
1841
1829
1813
1917
1885
1767
1901
1815
1769
1859
1843
1801
1845
1771
1905
1923
1925
1983
1675
2001
1645
1631
1927
1987
1689
2003
1957
1677
1989
1633
2057
2087
2043
2073
2029
2059
2089
2045
2119
2075
2061
2033
2105
2077
2165
2063
2037
2053
2093
2109
2039
2065
2055
2209
2041
2079
2139
2195
2255
2169
2225
2067
2151
2081
2125
2243
2259
2141
2143
2247
2263
2129
2203
2115
2267
2297
2069
2155
2313
2299
2285
2315
2301
2329
2287
2317
2131
2303
2289
2205
2305
2291
2331
2357
2307
2293
2235
2345
2295
2373
2333
2161
2321
2435
2335
2323
2463
2325
2351
2275
2407
2441
2337
2507
2445
2411
2481
2339
2537
2483
2377
2499
2525
2485
2467
2395
2541
2527
2529
2365
2543
2487
2425
2341
2515
2469
2547
2567
2399
2551
2599
2613
2627
829
1963
2629
843
1313
831
1649
807
833
2643
1315
2015
1651
809
2017
849
1317
2673
895
2019
837
2703
2675
1319
2021
897
2647
851
1321
2023
2733
855
901
2665
2679
2735
2777
2695
2667
2747
2683
2793
2713
2795
2699
2781
2741
2729
2751
2671
2809
2823
2837
2867
2883
2855
2897
2899
2801
2859
2901
2813
2871
2887
2761
2803
2913
2903
2927
2943
2861
2815
2843
2889
2915
2957
2831
2905
2929
2817
2863
2877
2845
2917
2865
2947
2959
2879
2949
2931
2835
2821
2961
2973
2933
1991
2921
2951
2895
2989
2963
2953
2849
2935
2909
2965
2911
2993
2955
2977
2939
1661
2995
2969
2941
2979
2997
1295
1635
2999
1297
2985
1303
1993
1977
1949
2007
1681
1663
1665
2011
2489
1699
2369
2583
2633
2585
2429
2587
2589
2431
2471
1701
2491
1703
2591
2635
2593
2637
2595
1709
2641
2557
2559
2561
2573
2575
2577
2579
2581
2519
2521
2601
2615
2603
2605
2619
2607
2621
2623
2625
