2
4
6
8
34
12
22
66
16
68
24
42
82
26
44
98
46
84
74
88
138
106
242
154
214
246
218
158
132
234
250
162
148
222
164
238
168
150
136
226
272
170
274
302
276
278
176
306
178
296
202
186
308
298
310
190
300
262
194
314
264
196
266
316
318
324
328
330
392
422
378
336
380
426
382
428
398
430
386
372
438
404
388
442
374
434
444
406
436
446
450
350
338
352
340
342
356
358
346
452
482
468
484
470
514
498
486
474
490
476
662
492
494
500
632
544
648
528
604
558
502
522
546
650
618
548
524
532
506
550
590
620
622
612
562
636
552
582
614
672
554
638
616
592
556
656
596
628
566
586
692
676
678
680
682
600
684
660
722
686
690
712
770
700
714
744
702
772
784
746
716
704
774
748
706
718
776
750
734
778
756
790
758
760
762
796
764
766
458
462
466
812
814
798
822
802
948
964
966
952
1098
968
970
972
980
996
982
1112
1130
998
1100
1114
1132
984
1086
1000
1074
1028
1012
1134
1056
1116
1002
1058
1088
986
1042
988
1104
1044
1004
1090
990
1092
1006
1048
1064
1106
1154
1094
1122
1050
1066
1124
1108
1096
858
1110
1172
1202
1232
1218
1174
1234
1236
904
860
1250
1192
1164
1238
1208
1180
1194
1224
1210
1240
1226
1242
862
1184
1214
1228
1244
1254
1200
1230
1246
1256
1258
910
868
872
932
924
870
926
1264
1282
930
916
936
1266
876
878
940
888
1272
890
1274
1322
1276
1352
1324
1382
1368
1326
1442
1398
1354
1428
1342
1412
1344
1384
1356
1400
1488
1372
1414
1502
1444
1346
1386
1490
1402
1334
1350
1374
1446
1358
1404
1492
1360
1462
1520
1432
1378
1362
1494
1394
1380
1408
1434
1522
1364
1496
1424
1436
1512
1524
1438
1426
1526
1514
1468
1528
1516
1532
1500
1530
1470
1592
1548
1594
1534
1580
1550
1582
1596
1624
1552
1654
1598
1540
1554
1568
1586
1556
1542
1570
1626
1544
1558
1604
1546
1628
1574
1606
884
946
1742
886
1644
1714
1716
1832
1862
1718
1744
1848
1834
1720
1774
1820
1864
1722
1736
1850
1892
1724
1738
1880
1746
1776
1726
1740
1808
1852
1910
1822
1894
1896
1780
1750
1872
1752
1826
1874
1754
1918
1886
1768
1860
1756
1770
1904
1890
1938
1906
1982
1968
1998
1940
2000
1954
1970
1942
1972
1928
1944
1312
1646
2004
1946
1930
1974
1960
2006
2012
1976
2088
2102
2132
2118
2162
2134
2192
2050
2166
2178
2222
2094
2208
2148
2180
2056
2210
2182
2110
2096
2212
2238
2224
2196
2214
2150
2184
2112
2242
2226
2258
2126
2228
2244
2260
2198
2082
2186
2100
2216
2246
2084
2200
2128
2248
2264
2086
2230
2202
2172
2266
2250
2174
2154
2232
2282
2176
2298
2314
2328
2116
2188
2268
2330
2070
2146
2190
2290
2158
2218
2318
2234
2206
2306
2344
2358
2308
2294
2402
2388
2220
2346
2310
2404
2390
2448
2434
2322
2462
2478
2492
2418
2450
2406
2360
2436
2348
2274
2452
2420
2438
2350
2454
2464
2456
2494
2442
2458
2354
2362
2480
2410
2460
2508
2338
2394
2446
2482
2522
2552
2422
2466
2498
2484
2378
2278
2500
2510
2528
2512
2514
2530
2414
2502
2544
2468
2532
2426
2554
2516
2534
2366
2548
2400
2416
2368
1932
1962
1964
844
846
1966
1934
892
808
834
1694
810
1936
2658
894
2644
2702
2688
2704
2690
2718
1320
852
2706
898
2692
2648
854
2024
2708
900
2720
2650
2694
2710
2762
856
2712
2736
2722
2764
2668
2652
2766
2738
2724
2714
2748
2726
2684
2768
2716
2796
2750
2700
2728
2654
2670
2686
2808
2742
2730
2770
2782
2744
2810
2772
2824
2852
2826
2854
2746
2838
2754
2884
2786
2774
2868
2800
2828
2856
2756
2758
2858
2788
2886
2760
2872
2790
2804
2888
2874
2806
2816
2890
2876
2818
2892
2864
2988
2848
2990
2850
2924
2936
2966
2992
2938
2926
2976
2940
2980
1296
3000
1298
2984
1300
2986
1302
1992
1978
1980
2008
1996
2010
2488
2428
2382
2384
2386
2370
2490
2472
1704
2474
2592
1706
2476
1708
2596
2640
2562
2564
2566
2506
2600
2602
2604
2610
2624
