1
3
17
33
77
49
9
11
21
37
13
93
39
107
79
23
41
109
81
53
95
69
111
25
113
55
117
97
119
57
85
121
101
137
75
89
123
213
153
125
139
243
215
229
155
245
217
157
231
247
131
159
233
133
249
219
235
221
251
237
149
223
165
253
225
151
169
273
241
171
257
275
173
277
291
199
175
293
279
295
281
179
307
187
283
309
261
189
311
191
203
193
211
319
325
331
407
423
379
395
367
381
427
411
383
429
399
385
431
401
387
439
373
417
389
443
405
375
435
445
447
449
351
339
353
341
343
357
345
359
361
483
485
543
473
499
557
491
493
495
501
617
633
529
587
605
521
649
503
663
545
607
547
651
549
561
577
525
619
609
621
623
667
533
625
613
671
553
637
615
673
537
555
565
627
641
675
597
629
677
567
679
681
601
661
693
707
723
687
697
767
689
699
691
713
771
701
745
773
731
717
785
747
775
777
719
735
751
779
721
787
757
791
793
761
763
765
455
463
465
813
797
799
827
823
803
857
947
977
965
967
953
1067
969
1025
955
971
973
981
959
1099
1129
983
1083
1113
999
1055
1073
1115
1133
1145
1087
1075
1101
1041
1117
985
1059
1077
1089
1103
1003
1079
1147
987
1119
1043
1137
1149
989
1139
1091
1081
991
1005
1093
1047
1063
1105
1141
1153
1035
1121
1107
1155
1123
1095
1051
1125
1109
1157
1217
1173
1111
1159
1203
1219
1233
917
1175
1189
859
1247
1205
1221
1161
1177
1191
1249
1207
1237
1179
1193
1165
1223
861
1209
1239
1195
1181
1251
1225
1211
1241
1197
1253
1169
1183
1213
1227
1185
863
1229
1245
1201
1255
1231
1257
1277
911
873
1261
869
925
1281
913
871
1283
1265
931
937
875
1267
877
887
943
1325
1383
1427
1353
1327
1369
1443
1343
1413
1329
1355
1371
1345
1385
1347
1429
1503
1357
1445
1387
1373
1517
1403
1351
1335
1405
1375
1359
1377
1419
1391
1361
1493
1463
1393
1379
1363
1395
1495
1381
1511
1523
1365
1409
1437
1425
1525
1483
1513
1527
1515
1469
1547
1531
1501
1533
1607
1549
1579
1563
1535
1581
1551
1623
1597
1683
1655
1567
1669
1555
1671
1541
1599
1543
1557
1627
1559
1619
1605
1561
1621
1629
1657
945
885
1727
1713
1729
1757
1715
1743
1773
1717
1819
1733
1719
1745
1863
1721
1735
1759
1907
1723
1737
1865
1725
1851
1821
1893
1747
1777
1741
1867
1761
1881
1853
1911
1895
1823
1897
1749
1797
1913
1781
1751
1899
1827
1799
1783
1753
1875
1831
1919
1755
1887
1785
1921
1861
1903
1889
1937
1891
1939
1967
1997
1999
1953
1969
1941
1985
1955
1971
1659
1943
1945
1929
1973
1947
2005
1959
1931
1975
1679
2027
2117
2103
2133
2163
2031
2147
2135
2047
2091
2177
2121
2049
2035
2137
2051
2107
2207
2179
2193
2167
2095
2181
2223
2123
2237
2211
2253
2213
2239
2097
2111
2183
2149
2241
2257
2197
2215
2227
2185
2099
2127
2199
2113
2245
2261
2083
2153
2229
2085
2171
2201
2249
2265
2101
2173
2231
2251
2175
2283
2327
2145
2187
2157
2269
2189
2217
2233
2191
2343
2271
2071
2387
2159
2219
2309
2319
2403
2221
2417
2389
2359
2311
2347
2447
2433
2405
2391
2477
2449
2273
2451
2375
2419
2361
2437
2349
2453
2439
2493
2479
2455
2457
2353
2409
2443
2495
2421
2393
2459
2363
2355
2497
2461
2465
2523
2509
2277
2539
2279
2553
2511
2413
2501
2423
2513
2379
2281
2531
2545
2533
2503
2397
2415
2535
2549
2569
2597
2517
2367
2381
1961
1691
1647
2013
1965
2631
845
1933
891
847
1693
2657
835
1695
1935
893
811
2687
2645
2659
2689
2661
2717
2705
2691
839
853
2677
2707
899
2649
2719
2663
2693
2709
2025
2721
841
2711
2763
2681
2737
2723
2651
2765
2697
2767
2725
2779
2739
2715
2749
2653
2685
2727
2769
2669
2807
2655
2797
2731
2701
2743
2771
2783
2753
2799
2785
2853
2825
2745
2811
2827
2773
2755
2775
2787
2857
2839
2885
2829
2869
2757
2759
2841
2789
2791
2873
2805
2875
2945
2891
2819
2833
2893
2919
2881
2987
2847
2907
2923
2991
2851
2925
2937
2975
2967
2971
2981
2983
1299
1301
1305
1979
1951
1981
1995
2009
2427
2401
1697
2383
2385
2371
2473
1705
2475
1707
2639
1711
2505
2555
2563
2565
2571
2617
2609
2611
